1711414714446 0.5684775114059448 0
1711414723167 0.5504559278488159 1
1711414731366 0.5298222899436951 2
1711414739876 0.513373613357544 3
1711414748249 0.499074786901474 4
1711414757090 0.48358023166656494 5
1711414765439 0.46774062514305115 6
1711414773570 0.45159322023391724 7
1711414782069 0.4358247220516205 8
1711414790710 0.4209311008453369 9
1711414799262 0.4072892963886261 10
1711414807518 0.3950330913066864 11
1711414816193 0.38403797149658203 12
1711414824233 0.3741409480571747 13
1711414832945 0.3650819957256317 14
1711414841183 0.35662734508514404 15
1711414849889 0.348672479391098 16
1711414858514 0.3411944508552551 17
1711414866905 0.3341827094554901 18
1711414876019 0.3276169002056122 19
