1711413653008 0.6696415543556213 0
1711413661338 0.6636829376220703 1
1711413669624 0.6549291014671326 2
1711413677888 0.6448487043380737 3
1711413686006 0.6349087953567505 4
1711413694352 0.6260689496994019 5
1711413702619 0.6184911131858826 6
1711413710827 0.6118035912513733 7
1711413718993 0.6055733561515808 8
1711413727230 0.5995782613754272 9
1711413735738 0.5937727689743042 10
1711413744138 0.5882097482681274 11
1711413752407 0.5829541087150574 12
1711413761063 0.5780244469642639 13
1711413769279 0.5734061002731323 14
1711413778459 0.5690709948539734 15
1711413788632 0.5649937987327576 16
1711413798063 0.5611560344696045 17
1711413806691 0.5575436353683472 18
1711413815605 0.5541425347328186 19
